ORLFACES20
KNN 0= 0.9549999999999998
KNN 1= 0.9499999999999998
KNN 2= 0.9349999999999999
Perceptron 0= 0.07500000000000001
Perceptron 1= 0.095
Perceptron 2= 0.05
Perceptron 3= 0.05
Perceptron 4= 0.10000000000000002
Perceptron 5= 0.08
Perceptron 6= 0.05
Perceptron 7= 0.05
Matriz de confusao KNN 0
[[1 0 0 0 0 0 0 0 0 0 0 0 0 0 0 0 0 0 0 0]
 [0 3 0 0 0 0 0 0 0 0 0 0 0 0 0 0 0 0 0 0]
 [0 0 0 0 0 0 0 0 0 0 0 0 0 0 0 0 0 0 0 0]
 [0 0 0 1 0 0 0 0 0 0 0 0 0 0 0 0 0 0 0 0]
 [0 0 0 0 1 0 0 0 0 0 0 0 0 0 0 0 0 0 0 0]
 [0 0 0 0 0 2 0 0 0 0 0 0 0 0 0 0 0 0 0 0]
 [0 0 0 0 0 0 6 0 0 0 0 0 0 0 0 0 0 0 0 0]
 [0 0 0 0 0 0 0 3 0 0 0 0 0 0 0 0 0 0 0 0]
 [0 0 0 0 0 0 0 0 2 0 0 0 0 0 0 0 0 0 0 0]
 [0 0 0 0 0 0 0 0 0 2 0 0 0 0 0 0 0 0 0 0]
 [0 0 0 0 0 0 0 0 0 0 1 0 0 0 0 0 0 0 0 0]
 [0 0 0 0 0 0 0 0 0 0 0 1 0 0 0 0 0 0 0 0]
 [1 0 0 0 0 0 0 0 0 0 0 0 2 0 0 0 0 0 0 0]
 [0 0 0 0 0 0 0 0 0 0 0 0 0 3 0 0 0 0 0 0]
 [0 0 0 0 0 0 0 0 0 0 0 0 0 0 1 0 0 0 0 0]
 [0 0 0 0 0 0 0 0 0 0 0 0 0 0 0 3 0 0 0 0]
 [0 0 0 0 0 0 0 0 0 0 0 0 0 0 0 0 2 0 0 0]
 [0 0 0 0 0 0 0 0 0 0 0 0 0 0 0 0 0 3 0 0]
 [0 0 0 0 0 0 0 0 0 0 0 0 0 0 0 0 0 0 2 0]
 [0 0 0 0 0 0 0 0 0 0 0 0 0 0 0 0 0 0 0 0]]
Acuracia: 0.975
Precisoes por Classe:
	Classe 0: 1.0
	Classe 1: 1.0
	Classe 2: 0.0
	Classe 3: 1.0
	Classe 4: 1.0
	Classe 5: 1.0
	Classe 6: 1.0
	Classe 7: 1.0
	Classe 8: 1.0
	Classe 9: 1.0
	Classe 10: 1.0
	Classe 11: 1.0
	Classe 12: 0.6666666666666666
	Classe 13: 1.0
	Classe 14: 1.0
	Classe 15: 1.0
	Classe 16: 1.0
	Classe 17: 1.0
	Classe 18: 1.0
	Classe 19: 0.0
Matriz de confusao Perceptron 4
[[1 0 0 0 0 0 0 0 0 0 0 0 0 0 0 0 0 0 0 0]
 [3 0 0 0 0 0 0 0 0 0 0 0 0 0 0 0 0 0 0 0]
 [0 0 0 0 0 0 0 0 0 0 0 0 0 0 0 0 0 0 0 0]
 [1 0 0 0 0 0 0 0 0 0 0 0 0 0 0 0 0 0 0 0]
 [1 0 0 0 0 0 0 0 0 0 0 0 0 0 0 0 0 0 0 0]
 [2 0 0 0 0 0 0 0 0 0 0 0 0 0 0 0 0 0 0 0]
 [6 0 0 0 0 0 0 0 0 0 0 0 0 0 0 0 0 0 0 0]
 [3 0 0 0 0 0 0 0 0 0 0 0 0 0 0 0 0 0 0 0]
 [2 0 0 0 0 0 0 0 0 0 0 0 0 0 0 0 0 0 0 0]
 [2 0 0 0 0 0 0 0 0 0 0 0 0 0 0 0 0 0 0 0]
 [1 0 0 0 0 0 0 0 0 0 0 0 0 0 0 0 0 0 0 0]
 [1 0 0 0 0 0 0 0 0 0 0 0 0 0 0 0 0 0 0 0]
 [3 0 0 0 0 0 0 0 0 0 0 0 0 0 0 0 0 0 0 0]
 [3 0 0 0 0 0 0 0 0 0 0 0 0 0 0 0 0 0 0 0]
 [1 0 0 0 0 0 0 0 0 0 0 0 0 0 0 0 0 0 0 0]
 [3 0 0 0 0 0 0 0 0 0 0 0 0 0 0 0 0 0 0 0]
 [2 0 0 0 0 0 0 0 0 0 0 0 0 0 0 0 0 0 0 0]
 [3 0 0 0 0 0 0 0 0 0 0 0 0 0 0 0 0 0 0 0]
 [2 0 0 0 0 0 0 0 0 0 0 0 0 0 0 0 0 0 0 0]
 [0 0 0 0 0 0 0 0 0 0 0 0 0 0 0 0 0 0 0 0]]
Acuracia: 0.025
Precisoes por Classe:
	Classe 0: 1.0
	Classe 1: 0.0
	Classe 2: 0.0
	Classe 3: 0.0
	Classe 4: 0.0
	Classe 5: 0.0
	Classe 6: 0.0
	Classe 7: 0.0
	Classe 8: 0.0
	Classe 9: 0.0
	Classe 10: 0.0
	Classe 11: 0.0
	Classe 12: 0.0
	Classe 13: 0.0
	Classe 14: 0.0
	Classe 15: 0.0
	Classe 16: 0.0
	Classe 17: 0.0
	Classe 18: 0.0
	Classe 19: 0.0
ICMC
KNN 0= 0.24
KNN 1= 0.18
KNN 2= 0.17
Perceptron 0= 0.05
Perceptron 1= 0.045
Perceptron 2= 0.05
Perceptron 3= 0.05
Perceptron 4= 0.06000000000000001
Perceptron 5= 0.05
Perceptron 6= 0.05500000000000001
Perceptron 7= 0.05
Matriz de confusao KNN 0
[[1 0 0 0 0 0 0 0 0 0 0 0 0 0 0 0 0 0 0 0]
 [0 0 3 0 0 0 0 0 0 0 0 0 0 0 0 0 0 0 0 0]
 [0 0 0 0 0 0 0 0 0 0 0 0 0 0 0 0 0 0 0 0]
 [0 0 0 1 0 0 0 0 0 0 0 0 0 0 0 0 0 0 0 0]
 [0 0 1 0 0 0 0 0 0 0 0 0 0 0 0 0 0 0 0 0]
 [1 0 0 1 0 0 0 0 0 0 0 0 0 0 0 0 0 0 0 0]
 [0 0 6 0 0 0 0 0 0 0 0 0 0 0 0 0 0 0 0 0]
 [0 0 3 0 0 0 0 0 0 0 0 0 0 0 0 0 0 0 0 0]
 [0 0 0 0 2 0 0 0 0 0 0 0 0 0 0 0 0 0 0 0]
 [0 0 1 0 0 0 0 0 0 0 0 1 0 0 0 0 0 0 0 0]
 [0 0 0 0 1 0 0 0 0 0 0 0 0 0 0 0 0 0 0 0]
 [0 0 1 0 0 0 0 0 0 0 0 0 0 0 0 0 0 0 0 0]
 [0 1 1 0 1 0 0 0 0 0 0 0 0 0 0 0 0 0 0 0]
 [0 0 1 0 0 0 0 0 0 0 0 0 0 0 2 0 0 0 0 0]
 [0 0 1 0 0 0 0 0 0 0 0 0 0 0 0 0 0 0 0 0]
 [2 0 0 0 0 0 0 0 0 0 0 0 0 0 0 1 0 0 0 0]
 [0 0 0 0 0 0 0 0 0 1 0 0 0 0 1 0 0 0 0 0]
 [1 0 0 0 0 0 0 0 0 0 0 1 0 0 1 0 0 0 0 0]
 [0 0 2 0 0 0 0 0 0 0 0 0 0 0 0 0 0 0 0 0]
 [0 0 0 0 0 0 0 0 0 0 0 0 0 0 0 0 0 0 0 0]]
Acuracia: 0.075
Precisoes por Classe:
	Classe 0: 1.0
	Classe 1: 0.0
	Classe 2: 0.0
	Classe 3: 1.0
	Classe 4: 0.0
	Classe 5: 0.0
	Classe 6: 0.0
	Classe 7: 0.0
	Classe 8: 0.0
	Classe 9: 0.0
	Classe 10: 0.0
	Classe 11: 0.0
	Classe 12: 0.0
	Classe 13: 0.0
	Classe 14: 0.0
	Classe 15: 0.3333333333333333
	Classe 16: 0.0
	Classe 17: 0.0
	Classe 18: 0.0
	Classe 19: 0.0
Matriz de confusao Perceptron 4
[[0 0 0 0 0 0 1 0 0 0 0 0 0 0 0 0 0 0 0 0]
 [0 0 0 0 0 0 3 0 0 0 0 0 0 0 0 0 0 0 0 0]
 [0 0 0 0 0 0 0 0 0 0 0 0 0 0 0 0 0 0 0 0]
 [0 0 0 0 0 0 1 0 0 0 0 0 0 0 0 0 0 0 0 0]
 [0 0 0 0 0 0 1 0 0 0 0 0 0 0 0 0 0 0 0 0]
 [0 0 0 0 0 0 2 0 0 0 0 0 0 0 0 0 0 0 0 0]
 [0 0 0 0 0 0 6 0 0 0 0 0 0 0 0 0 0 0 0 0]
 [0 0 0 0 0 0 3 0 0 0 0 0 0 0 0 0 0 0 0 0]
 [0 0 0 0 0 0 2 0 0 0 0 0 0 0 0 0 0 0 0 0]
 [0 0 0 0 0 0 2 0 0 0 0 0 0 0 0 0 0 0 0 0]
 [0 0 0 0 0 0 1 0 0 0 0 0 0 0 0 0 0 0 0 0]
 [0 0 0 0 0 0 1 0 0 0 0 0 0 0 0 0 0 0 0 0]
 [0 0 0 0 0 0 3 0 0 0 0 0 0 0 0 0 0 0 0 0]
 [0 0 0 0 0 0 3 0 0 0 0 0 0 0 0 0 0 0 0 0]
 [0 0 0 0 0 0 1 0 0 0 0 0 0 0 0 0 0 0 0 0]
 [0 0 0 0 0 0 3 0 0 0 0 0 0 0 0 0 0 0 0 0]
 [0 0 0 0 0 0 2 0 0 0 0 0 0 0 0 0 0 0 0 0]
 [0 0 0 0 0 0 3 0 0 0 0 0 0 0 0 0 0 0 0 0]
 [0 0 0 0 0 0 2 0 0 0 0 0 0 0 0 0 0 0 0 0]
 [0 0 0 0 0 0 0 0 0 0 0 0 0 0 0 0 0 0 0 0]]
Acuracia: 0.15
Precisoes por Classe:
	Classe 0: 0.0
	Classe 1: 0.0
	Classe 2: 0.0
	Classe 3: 0.0
	Classe 4: 0.0
	Classe 5: 0.0
	Classe 6: 1.0
	Classe 7: 0.0
	Classe 8: 0.0
	Classe 9: 0.0
	Classe 10: 0.0
	Classe 11: 0.0
	Classe 12: 0.0
	Classe 13: 0.0
	Classe 14: 0.0
	Classe 15: 0.0
	Classe 16: 0.0
	Classe 17: 0.0
	Classe 18: 0.0
	Classe 19: 0.0
ORLFACES20 PCA
KNN 0= 0.8950000000000001
KNN 1= 0.85
KNN 2= 0.8400000000000001
Perceptron 0= 0.89
Perceptron 1= 0.8949999999999999
Perceptron 2= 0.33999999999999997
Perceptron 3= 0.375
Perceptron 4= 0.89
Perceptron 5= 0.885
Perceptron 6= 0.45
Perceptron 7= 0.43
Matriz de confusao KNN 0
[[1 0 0 0 0 0 0 0 0 0 0 0 0 0 0 0 0 0 0 0]
 [0 2 0 0 0 0 0 0 0 0 0 0 0 0 1 0 0 0 0 0]
 [0 0 0 0 0 0 0 0 0 0 0 0 0 0 0 0 0 0 0 0]
 [0 0 0 1 0 0 0 0 0 0 0 0 0 0 0 0 0 0 0 0]
 [0 0 0 0 1 0 0 0 0 0 0 0 0 0 0 0 0 0 0 0]
 [0 0 0 0 0 2 0 0 0 0 0 0 0 0 0 0 0 0 0 0]
 [0 0 0 0 0 0 6 0 0 0 0 0 0 0 0 0 0 0 0 0]
 [0 0 0 0 0 0 0 3 0 0 0 0 0 0 0 0 0 0 0 0]
 [0 0 0 0 0 0 0 0 2 0 0 0 0 0 0 0 0 0 0 0]
 [0 0 0 0 0 0 0 0 0 2 0 0 0 0 0 0 0 0 0 0]
 [0 0 0 0 0 0 0 0 0 0 0 0 0 1 0 0 0 0 0 0]
 [0 0 0 0 0 0 0 0 0 0 0 1 0 0 0 0 0 0 0 0]
 [1 0 0 0 0 1 0 0 0 0 0 0 1 0 0 0 0 0 0 0]
 [0 0 0 0 0 0 0 0 0 0 0 0 0 3 0 0 0 0 0 0]
 [0 0 0 0 0 0 0 0 0 0 0 0 0 0 1 0 0 0 0 0]
 [0 0 0 0 0 0 0 0 0 0 0 0 0 0 0 3 0 0 0 0]
 [0 0 0 0 0 0 0 0 0 0 0 0 0 0 0 0 2 0 0 0]
 [0 0 0 0 0 0 0 0 0 0 0 0 0 0 0 0 0 2 0 1]
 [0 0 0 0 0 0 0 0 0 0 0 0 0 0 0 0 0 0 2 0]
 [0 0 0 0 0 0 0 0 0 0 0 0 0 0 0 0 0 0 0 0]]
Acuracia: 0.875
Precisoes por Classe:
	Classe 0: 1.0
	Classe 1: 0.6666666666666666
	Classe 2: 0.0
	Classe 3: 1.0
	Classe 4: 1.0
	Classe 5: 1.0
	Classe 6: 1.0
	Classe 7: 1.0
	Classe 8: 1.0
	Classe 9: 1.0
	Classe 10: 0.0
	Classe 11: 1.0
	Classe 12: 0.3333333333333333
	Classe 13: 1.0
	Classe 14: 1.0
	Classe 15: 1.0
	Classe 16: 1.0
	Classe 17: 0.6666666666666666
	Classe 18: 1.0
	Classe 19: 0.0
Matriz de confusao Perceptron 1
[[0 0 0 0 0 0 0 0 1 0 0 0 0 0 0 0 0 0 0 0]
 [0 3 0 0 0 0 0 0 0 0 0 0 0 0 0 0 0 0 0 0]
 [0 0 0 0 0 0 0 0 0 0 0 0 0 0 0 0 0 0 0 0]
 [0 0 0 1 0 0 0 0 0 0 0 0 0 0 0 0 0 0 0 0]
 [0 0 0 0 1 0 0 0 0 0 0 0 0 0 0 0 0 0 0 0]
 [0 0 0 0 0 2 0 0 0 0 0 0 0 0 0 0 0 0 0 0]
 [0 0 0 0 0 0 6 0 0 0 0 0 0 0 0 0 0 0 0 0]
 [0 0 0 0 0 0 0 3 0 0 0 0 0 0 0 0 0 0 0 0]
 [0 0 0 0 0 0 0 0 2 0 0 0 0 0 0 0 0 0 0 0]
 [0 0 0 0 0 0 0 0 0 1 0 1 0 0 0 0 0 0 0 0]
 [0 0 0 0 0 0 0 0 0 0 1 0 0 0 0 0 0 0 0 0]
 [0 0 0 0 0 0 0 0 0 0 0 1 0 0 0 0 0 0 0 0]
 [1 0 0 0 0 0 0 0 0 0 0 0 2 0 0 0 0 0 0 0]
 [0 0 0 0 0 0 0 0 0 0 0 0 0 3 0 0 0 0 0 0]
 [0 0 0 0 0 0 0 0 0 0 0 0 0 0 1 0 0 0 0 0]
 [0 0 0 0 0 0 0 0 0 0 1 0 0 0 0 2 0 0 0 0]
 [0 0 0 0 0 0 0 0 0 0 0 0 0 0 0 0 2 0 0 0]
 [0 0 0 0 0 0 0 0 0 0 0 0 0 0 0 0 0 2 0 1]
 [0 0 0 0 0 0 0 0 0 0 0 0 0 0 0 0 0 0 2 0]
 [0 0 0 0 0 0 0 0 0 0 0 0 0 0 0 0 0 0 0 0]]
Acuracia: 0.875
Precisoes por Classe:
	Classe 0: 0.0
	Classe 1: 1.0
	Classe 2: 0.0
	Classe 3: 1.0
	Classe 4: 1.0
	Classe 5: 1.0
	Classe 6: 1.0
	Classe 7: 1.0
	Classe 8: 1.0
	Classe 9: 0.5
	Classe 10: 1.0
	Classe 11: 1.0
	Classe 12: 0.6666666666666666
	Classe 13: 1.0
	Classe 14: 1.0
	Classe 15: 0.6666666666666666
	Classe 16: 1.0
	Classe 17: 0.6666666666666666
	Classe 18: 1.0
	Classe 19: 0.0
ICMC PCA
KNN 0= 0.11499999999999999
KNN 1= 0.06000000000000001
KNN 2= 0.06500000000000002
Perceptron 0= 0.075
Perceptron 1= 0.07
Perceptron 2= 0.05
Perceptron 3= 0.06000000000000001
Perceptron 4= 0.10500000000000001
Perceptron 5= 0.06500000000000002
Perceptron 6= 0.05
Perceptron 7= 0.05500000000000001
Matriz de confusao KNN 0
[[0 0 0 0 0 0 0 0 0 0 1 0 0 0 0 0 0 0 0 0]
 [0 0 2 0 0 0 0 0 1 0 0 0 0 0 0 0 0 0 0 0]
 [0 0 0 0 0 0 0 0 0 0 0 0 0 0 0 0 0 0 0 0]
 [1 0 0 0 0 0 0 0 0 0 0 0 0 0 0 0 0 0 0 0]
 [0 0 0 1 0 0 0 0 0 0 0 0 0 0 0 0 0 0 0 0]
 [0 0 0 1 0 0 0 0 0 0 0 0 0 0 0 0 0 0 0 1]
 [0 1 1 1 2 0 0 1 0 0 0 0 0 0 0 0 0 0 0 0]
 [0 0 0 0 0 0 0 1 0 0 1 0 0 0 1 0 0 0 0 0]
 [0 1 0 0 1 0 0 0 0 0 0 0 0 0 0 0 0 0 0 0]
 [0 1 0 1 0 0 0 0 0 0 0 0 0 0 0 0 0 0 0 0]
 [0 0 0 0 0 0 0 1 0 0 0 0 0 0 0 0 0 0 0 0]
 [0 0 0 1 0 0 0 0 0 0 0 0 0 0 0 0 0 0 0 0]
 [0 1 1 1 0 0 0 0 0 0 0 0 0 0 0 0 0 0 0 0]
 [1 0 1 0 0 0 0 0 0 0 0 0 0 0 1 0 0 0 0 0]
 [0 0 0 0 0 0 0 0 0 0 1 0 0 0 0 0 0 0 0 0]
 [1 0 0 0 0 2 0 0 0 0 0 0 0 0 0 0 0 0 0 0]
 [0 0 0 0 0 0 0 1 0 0 0 0 0 0 1 0 0 0 0 0]
 [0 1 0 2 0 0 0 0 0 0 0 0 0 0 0 0 0 0 0 0]
 [0 1 0 0 1 0 0 0 0 0 0 0 0 0 0 0 0 0 0 0]
 [0 0 0 0 0 0 0 0 0 0 0 0 0 0 0 0 0 0 0 0]]
Acuracia: 0.025
Precisoes por Classe:
	Classe 0: 0.0
	Classe 1: 0.0
	Classe 2: 0.0
	Classe 3: 0.0
	Classe 4: 0.0
	Classe 5: 0.0
	Classe 6: 0.0
	Classe 7: 0.3333333333333333
	Classe 8: 0.0
	Classe 9: 0.0
	Classe 10: 0.0
	Classe 11: 0.0
	Classe 12: 0.0
	Classe 13: 0.0
	Classe 14: 0.0
	Classe 15: 0.0
	Classe 16: 0.0
	Classe 17: 0.0
	Classe 18: 0.0
	Classe 19: 0.0
Matriz de confusao Perceptron 4
[[0 0 0 0 0 0 0 0 0 0 1 0 0 0 0 0 0 0 0 0]
 [0 0 1 0 0 0 1 0 1 0 0 0 0 0 0 0 0 0 0 0]
 [0 0 0 0 0 0 0 0 0 0 0 0 0 0 0 0 0 0 0 0]
 [0 0 0 0 0 1 0 0 0 0 0 0 0 0 0 0 0 0 0 0]
 [0 0 0 0 0 0 0 0 1 0 0 0 0 0 0 0 0 0 0 0]
 [0 0 0 0 0 1 0 0 1 0 0 0 0 0 0 0 0 0 0 0]
 [0 0 0 0 0 2 1 0 2 0 0 0 0 0 0 0 0 0 1 0]
 [0 0 0 0 0 1 0 0 0 0 1 0 0 0 0 0 0 1 0 0]
 [0 0 0 0 0 0 0 0 1 1 0 0 0 0 0 0 0 0 0 0]
 [0 0 0 0 0 0 0 0 1 0 0 0 0 0 0 0 0 1 0 0]
 [0 0 0 0 0 0 0 0 0 0 1 0 0 0 0 0 0 0 0 0]
 [0 0 0 0 0 0 0 0 1 0 0 0 0 0 0 0 0 0 0 0]
 [0 0 0 0 0 0 0 0 1 1 0 0 0 1 0 0 0 0 0 0]
 [0 0 0 0 0 0 0 0 0 0 1 0 0 0 0 0 0 2 0 0]
 [0 0 0 0 0 0 0 0 0 0 1 0 0 0 0 0 0 0 0 0]
 [0 0 0 0 0 1 0 0 0 0 0 0 0 0 0 0 1 1 0 0]
 [0 0 0 0 0 0 0 0 0 0 0 0 0 0 0 0 0 2 0 0]
 [0 0 0 0 0 0 1 0 0 0 2 0 0 0 0 0 0 0 0 0]
 [0 0 0 0 0 0 0 0 2 0 0 0 0 0 0 0 0 0 0 0]
 [0 0 0 0 0 0 0 0 0 0 0 0 0 0 0 0 0 0 0 0]]
Acuracia: 0.1
Precisoes por Classe:
	Classe 0: 0.0
	Classe 1: 0.0
	Classe 2: 0.0
	Classe 3: 0.0
	Classe 4: 0.0
	Classe 5: 0.5
	Classe 6: 0.16666666666666666
	Classe 7: 0.0
	Classe 8: 0.5
	Classe 9: 0.0
	Classe 10: 1.0
	Classe 11: 0.0
	Classe 12: 0.0
	Classe 13: 0.0
	Classe 14: 0.0
	Classe 15: 0.0
	Classe 16: 0.0
	Classe 17: 0.0
	Classe 18: 0.0
	Classe 19: 0.0
